5000
2520
254
3293
2460
9315
5610
7086
7356
4681
9365
2131
8745
2424
5303
8362
8905
3670
4750
744
4096
4713
2431
4060
2602
9133
5889
7899
5527
570
4808
9383
707
4793
3579
3368
9823
6445
3941
5944
4871
6671
7718
6070
4813
8330
2803
3351
7890
1408
3240
608
1845
8675
6114
5896
4157
1288
7069
87
8323
9099
4589
3158
1970
1706
9165
6640
535
4657
3804
7555
8319
7231
9422
9488
5947
8406
4518
3836
7533
747
5729
7036
5813
787
8741
2216
4611
6574
8495
5455
9468
6768
9321
3725
4121
9045
4149
6975
1373
6481
4377
6381
2785
2642
3830
5479
9909
2663
9661
2441
4160
7083
1474
745
95
4949
6277
3621
88
687
2390
6153
1003
2002
1056
4304
7164
772
900
8400
2974
9205
9022
100
6776
8083
3031
4732
6378
1115
2804
2544
2306
6740
468
2014
2970
9696
5476
4972
2899
5523
5447
9349
6892
27
9837
6800
8500
1065
6780
1441
924
6361
751
9815
9940
285
5890
702
4523
5256
7397
4543
5095
1430
579
8799
4971
6606
928
5224
7352
6746
9112
7841
9126
3889
4232
6140
9850
4809
1
7513
2420
5627
9986
8427
3963
9418
68
7710
2124
2826
1668
6426
9204
6567
4436
5608
8874
6537
5026
3980
7341
7491
1736
6003
4175
6748
4439
8739
7566
2526
7902
9762
2978
2901
9335
3816
8346
8485
3309
1137
6385
9135
6118
8682
6266
2528
2492
9248
3430
1858
6656
8885
697
302
5186
9740
3827
5790
3135
9224
6757
6317
6933
5421
2579
4826
1533
8649
5820
4897
6068
6650
1796
7844
6134
4200
7142
8788
5996
6624
2260
9695
480
675
8059
1386
5467
3026
3201
9497
2897
9882
2375
5385
5116
3753
8609
5596
3549
8550
201
2769
6575
8723
4074
2462
1637
6356
8515
8614
3098
5854
9495
4734
7508
2635
8098
5393
6661
7054
3860
7221
1111
2699
6519
9219
1050
8796
7834
9069
2483
5043
9215
2473
6576
9805
5295
8350
2109
2245
7925
1995
9928
6783
8287
7182
4022
9098
4088
9381
9881
7764
1711
2377
4300
6192
6883
8855
8629
1188
1216
3095
7963
1335
2536
1481
6082
7912
5574
6762
1821
1578
4880
8519
5236
3089
8368
7982
5453
9440
6010
9841
3186
3216
3888
1639
7070
3435
286
704
3373
5120
1674
9398
3849
7852
8337
2896
2086
7516
1540
7927
9950
1459
6488
757
1979
534
650
5834
9386
8980
428
7660
9151
3907
5791
9209
996
8349
8280
8672
3141
3534
6103
168
7849
4561
5795
3004
5456
5376
5201
485
910
2801
4876
3531
4263
7674
6791
7326
9664
5753
8747
1227
4093
5744
7948
5176
6857
9090
7259
577
2273
7678
6093
9002
3014
221
1506
9738
8971
8986
9103
2719
3729
10
7085
7191
3080
9883
8786
7126
83
3939
6372
2203
1883
1382
1997
5521
6138
6626
7906
6634
7759
2333
6374
6845
4452
4804
3831
5532
2856
2341
7232
3432
5325
1183
6050
6561
3030
4789
877
3564
612
576
9343
2869
9327
8344
4330
4127
8595
724
7996
9546
5494
146
8797
5235
7600
8429
8299
3274
177
3964
5012
6645
3225
134
4338
1059
1454
4235
9700
7466
8217
4321
6422
547
6473
2507
271
4842
3085
4878
3875
6167
2152
2562
7535
4665
2444
5222
3681
1379
1708
959
5811
4733
621
4584
4704
7908
1863
9347
3970
9710
2780
7753
5755
5818
6359
3687
5621
6149
2122
5249
5317
3222
6820
8175
7809
3606
38
5849
1782
66
3652
4663
1624
8706
9646
1872
4283
2641
3167
3814
3223
6016
9611
416
7210
718
2442
1376
7080
9543
442
7482
9028
4990
3419
7801
1816
3676
5714
5093
2406
3778
1564
5534
9926
2448
3038
9140
2276
5368
2364
5316
4881
3783
3826
4469
3947
4890
2224
7784
5241
7091
9889
8987
2328
4660
1451
5637
9542
5588
2612
8807
936
7342
8511
6560
699
1585
8791
2207
2816
5760
50
1008
5652
269
8377
4952
5845
1049
8426
7939
6601
1672
2262
3682
2346
9318
1332
373
6098
6596
6874
6877
5073
6450
3882
1179
8022
3386
3881
7104
4052
4954
4702
5372
7147
7403
8084
6966
9763
9388
6882
8226
5130
2551
5023
2734
5435
8749
214
1051
4973
553
872
490
1896
2287
7133
6799
2189
421
5736
6512
849
4143
4620
5644
623
5183
7856
998
1307
2392
1704
3301
8029
2153
7021
2745
2601
674
8000
7930
3749
8113
6095
9884
1957
9549
9865
3719
8711
2992
1549
5863
3416
6888
2202
7421
7958
4574
7449
1847
4008
3196
8301
6520
5165
7387
7719
4079
2767
4791
3319
8082
3847
3945
7923
9674
101
361
3134
1344
9797
1763
9803
3190
1374
539
3884
6279
3474
9427
4676
3061
7145
7233
1812
6347
3559
4520
4456
6150
4182
7159
1600
9351
3721
3936
8535
8506
742
5147
8562
5550
7413
5460
152
347
1161
6995
8623
7950
9479
1479
4026
3393
7648
224
1857
7572
9599
4598
1470
1889
6880
7213
9811
7622
7313
5151
2259
1653
301
9840
6455
2563
4509
2598
9194
6994
1131
9242
6942
8259
7176
1030
4977
8789
4614
8946
8943
6847
1785
314
1832
9628
7248
1006
1733
1034
5668
6858
3658
4638
2031
9206
5174
2032
8016
7209
5268
9688
7219
5625
805
3340
6161
715
453
1157
3974
9459
8407
5848
4302
3824
6156
9964
8031
9311
1741
5590
3466
9445
5724
2280
5802
3924
8048
8448
3518
7305
5108
6379
1893
3006
9340
3900
458
6726
8776
4578
6345
2548
2615
6367
8698
7583
4133
5771
5106
2846
141
3642
1026
1444
6001
4843
6089
2917
9786
4386
3527
7477
5576
2982
1241
8792
7023
9231
4649
8957
7122
2294
4325
3191
8890
7763
1768
4108
1350
448
4554
9910
2231
2232
3462
5124
5017
9957
1483
3822
3354
9962
7568
3278
1394
5265
5940
8399
6424
1369
5101
8164
2051
8941
2035
971
5803
118
2705
2952
6410
626
1987
1510
172
3063
876
2350
791
1311
1334
5153
4203
584
7628
8154
24
7048
1367
9
4962
2998
8699
2713
2812
5166
170
8248
3848
9513
6025
754
4409
8611
4796
9595
8760
6647
56
1064
6853
7685
8872
9759
3607
8572
7903
5054
3203
476
5842
3540
9431
7709
722
2909
1918
9136
856
976
6751
3372
4025
5985
517
2178
1842
1200
4674
3588
3967
6562
5671
5454
7035
5982
7510
5185
5539
7859
5302
771
8470
6733
6572
880
9942
1345
7476
358
2093
8763
4487
9933
3337
5408
7630
7425
4910
6187
7328
8463
4415
5667
1349
393
9259
6435
2874
7907
8534
1748
2496
1650
4895
6701
571
4258
7212
6316
7694
970
7715
1854
9331
9553
3217
3684
9679
3417
591
7388
7440
1466
6736
3032
6077
9502
9116
3956
9772
939
6214
7395
4100
3137
2467
6434
6469
4997
1980
809
4190
6708
4119
4570
8302
4230
2888
5939
9268
4531
2611
9258
8916
1518
3152
2387
9744
9528
6728
8066
3873
7312
436
7643
7752
6849
65
8813
5401
4459
4571
6257
1865
2599
3311
5352
1808
169
6272
9565
705
8321
9849
9443
7301
4455
3109
435
1937
2825
1914
9291
2499
4322
5311
6905
8193
2850
5696
2258
2376
7641
6635
8498
9201
4925
1087
4508
9917
2396
1648
4407
2943
3050
1492
5022
7130
4207
4939
8911
5639
5713
7730
3946
1550
2120
5486
4260
4465
1878
9607
2929
6168
2073
197
5332
7031
5459
3074
6842
3603
764
8780
4312
814
811
8370
184
4646
9967
1365
7639
9594
1690
1007
1686
4739
940
2993
6789
921
6230
483
5866
4387
6179
2319
1384
9593
4023
4438
4671
1539
4177
696
7596
8850
5338
7867
549
1304
9101
5274
6875
6451
5510
8145
5169
9575
8049
4906
9992
1923
3332
7179
1057
1781
8589
7657
4838
6615
4930
7514
8482
5233
7042
6479
3575
8089
3181
5946
4892
204
9923
2285
9452
4504
194
5440
116
7154
4440
4031
1936
3482
2887
3405
2782
2898
7362
9657
3168
8794
6336
1664
2717
2638
9157
5553
9007
4192
4078
1198
8654
1638
5544
6402
9518
3189
298
2730
7649
7526
2447
7524
102
8006
9348
147
441
7292
495
5266
1144
6028
5055
6525
4311
3471
9720
836
9044
9708
7389
4418
6321
3271
7228
6043
5787
9569
4926
6148
1352
7517
8585
6090
8597
1968
9722
3093
3360
4279
5480
469
6945
3220
2753
479
369
9615
8616
8785
720
3890
9941
8564
4535
7602
5202
7204
6105
8455
9498
1127
2347
7542
3072
5824
7691
7113
4517
6870
6965
6829
8740
4948
1925
6333
4755
7979
9046
7114
713
1844
5143
3371
4582
6805
4693
7783
2967
2701
96
3046
3338
8194
1959
7652
2818
6644
1189
8920
7079
9186
1184
5826
5622
5598
5307
7067
2218
3765
5005
2517
2950
4214
7994
1121
1956
8227
4221
279
4124
9453
7246
3077
6304
810
9066
9682
8436
9886
2464
8824
2689
6454
8731
4710
2960
2020
6194
1696
26
5963
3673
7705
2702
9872
7871
9653
5517
422
6468
1582
3487
1546
1740
202
646
3671
9645
3750
3200
6403
5925
9945
8246
4510
117
1730
8630
7439
5814
8499
5600
8218
635
8603
9324
3317
974
5324
9848
5635
1106
4317
7699
5782
5875
8816
6200
5859
1747
2821
9437
6046
9602
1339
8527
9981
1464
5784
7755
7581
9733
6885
7720
8873
8286
9016
404
8004
99
8295
893
3009
3801
1556
5666
3470
8293
6827
55
6008
8343
7088
789
8105
7931
6868
8579
1867
97
8454
9077
331
7340
4045
6607
7553
7138
4970
8428
5684
5563
1351
1480
4471
9475
1398
3130
1169
558
3853
6786
4836
1779
182
2739
4799
4416
1912
2409
1016
4382
1232
374
1469
3864
5118
6042
183
7690
892
1652
3604
1446
9547
7588
8142
7644
8705
1530
5857
1770
6157
2498
1378
2989
3044
9968
3927
5930
4573
3571
6302
7351
9084
1123
5284
3799
3370
4009
3646
4288
4067
4020
8627
6411
7687
2404
5297
5498
6448
3318
1552
7017
1214
5040
5573
1314
9507
3378
1432
6627
6364
6474
9297
8548
6055
424
995
6528
4829
2085
6308
3839
1409
4782
1390
5430
2919
3866
4236
5910
1679
2790
902
3194
7520
3449
8735
3429
4189
7578
4587
6004
267
1343
5099
5777
5735
4805
7197
7782
8496
9557
4378
4399
5034
8322
6846
2380
5568
4162
5104
383
6731
4420
1155
9774
4647
5016
3876
3938
695
5745
8972
9994
4051
3035
1476
3796
3989
2059
6826
4565
3307
7297
6031
9307
9690
3654
2110
2162
1765
2367
7702
3442
2238
9901
3734
3976
8868
9588
1032
946
4371
4063
2523
128
8601
4901
5381
2813
5851
6480
2683
6088
7409
5398
585
8743
6039
6699
5840
6825
5351
1098
4564
606
5779
8420
343
5061
2733
8933
5188
9544
7168
60
5800
3343
1897
1254
9444
5830
617
2487
3926
689
5677
4770
8274
5624
4293
2762
5161
8513
7666
2113
1429
6109
8441
4400
975
4158
1364
6993
7684
6582
82
8351
5240
1666
572
9534
3086
3740
1043
8517
5345
6382
8385
653
961
5673
1316
8180
1675
5853
2228
498
9115
1777
2797
1907
7659
9067
9897
2941
203
408
3807
156
9834
3979
4150
5092
3785
5977
1206
4747
1261
3931
1710
9184
2038
5137
5444
4159
8284
2604
9828
8618
9921
8984
727
966
2651
9499
6848
6027
2117
2972
4367
9017
708
4331
2549
7410
3584
6289
1634
2817
5656
3828
8196
6862
5145
1024
4287
6368
4326
991
3260
6349
2594
9620
2765
6612
275
7615
7345
3228
6389
2665
1588
8199
6453
6765
818
1754
3973
5411
4001
9128
6404
870
4394
9003
7427
4643
746
1795
4899
4687
820
4169
9199
2557
2077
2102
248
683
5442
9358
7598
8818
5327
3129
9851
6267
6334
8148
5247
2618
1249
3138
8188
5288
5775
3944
2980
5721
7151
9711
1519
3748
6841
378
9637
7364
904
797
723
843
3068
8023
7180
3448
5704
7366
3140
4289
487
1836
4758
9496
3055
3754
7224
3812
7932
8901
9825
6908
3987
5665
6984
9232
7607
6957
1085
5597
7174
7742
7962
2428
6297
6057
4624
3070
2948
9982
9715
9554
8975
8058
2986
4708
4366
5367
6674
557
5732
8435
5950
9394
6174
11
359
332
2275
3635
9506
3700
7488
5270
4342
1037
2831
2253
6104
467
6327
2279
4206
4492
5195
1207
4639
210
1067
9580
8026
2423
9749
9570
8662
5966
4553
8998
425
8037
4308
9425
3013
8783
8292
4835
7901
9907
6557
2657
4942
1783
9995
5788
5917
3110
1992
8203
4482
2564
2437
762
2851
9049
3171
4259
669
2021
7737
6718
2531
2315
6176
481
9013
5605
6245
4580
1159
2608
1909
9676
1534
6597
1151
6044
9789
759
5131
3792
8423
8176
3205
826
520
7303
2823
4450
4038
9429
9924
9920
8546
4853
1257
8
6630
6843
2936
5655
2099
2718
2485
1814
8558
7697
8359
46
7973
8962
8281
7551
7170
6032
3113
9524
3392
947
8602
2658
1341
2372
5631
915
956
4976
3468
5922
7936
6931
8800
5122
8228
8718
2288
952
1756
5258
2007
4040
9094
7721
800
6563
9799
5182
6116
496
3099
1649
750
2656
1298
1238
5346
8290
6724
7244
9317
7483
9737
4272
8565
1793
4794
9980
1399
187
5299
922
8746
3150
5457
2237
8994
3901
35
5915
6484
4115
3296
7270
7125
6219
6073
1512
2771
6910
9154
9667
4764
7172
960
716
2607
8391
5807
1205
8335
4597
9521
9491
1079
7949
3923
3697
9827
7461
2033
7283
8166
166
1027
8665
6610
171
1487
3062
7775
4885
3170
8052
552
3230
883
2359
7438
244
7377
4215
8858
3232
1991
7293
4765
9656
32
4833
6706
3693
645
3942
3782
90
2760
4991
8471
439
6968
6876
7772
8593
875
3837
522
1162
2094
741
8907
3249
5592
1467
9775
841
9382
4161
6291
9463
9466
8117
6620
730
784
5647
1044
3397
7022
9314
2047
2918
2426
5021
8526
9685
4379
8974
2537
1211
9374
5472
1571
8077
9613
1969
2064
4503
8669
5077
8844
556
1165
8903
4216
7971
252
9501
8769
6015
8306
7835
8067
3793
1042
9973
4397
8865
804
9026
3358
6646
3407
6329
1596
4417
8356
9675
9853
7998
6220
2271
5984
3663
7765
9516
5571
5900
9579
2728
6351
415
7385
9197
5109
8658
7800
4059
565
7810
1879
6320
9731
3713
3962
6256
9034
1791
9573
9192
8151
1660
9609
2843
4034
9713
3706
9261
5680
6295
4961
230
2101
7359
108
2140
1762
4256
9436
9514
518
5756
6755
1698
5190
9632
2690
4854
2351
8721
3344
5069
7999
4801
7323
5308
9755
8212
5194
7141
8076
8262
6797
2469
8383
9457
8291
7448
7195
7108
785
2128
9005
1608
7758
4058
3953
8533
4453
710
9470
2206
91
9765
7372
8715
9113
8132
7502
6401
4683
8640
8634
6081
5786
684
9576
4392
926
4685
7399
9273
1130
2236
6145
6204
5772
9110
309
4087
4593
4228
859
4343
9845
638
8968
8624
8894
1029
4476
3238
30
3711
8837
3350
2092
9456
8625
2165
2017
9988
6735
9745
5509
1125
3294
2963
8443
3275
6835
4139
6637
5296
8657
2395
1096
5720
1266
8730
6186
3036
5864
2108
6814
5377
1712
5150
2150
6801
4348
2799
8133
6463
3094
4082
4911
3501
1752
4142
4726
7799
5525
6101
8440
3867
5529
2626
9375
6784
8961
6754
1300
5245
7374
8781
7
7825
1242
6337
2854
6430
8836
8557
610
4637
1721
6589
6917
3503
4664
6717
8931
8608
9896
5216
4218
1626
8279
3270
3714
7745
6623
533
595
3641
2741
5164
5841
7222
7302
1834
860
9820
5353
9929
5044
9538
3630
4521
8758
1089
4128
8819
4381
3644
4181
12
2944
2121
739
4944
1075
2809
8008
2930
5981
1885
3227
1168
9158
7268
1218
5653
344
2777
3127
592
8504
6483
1761
1607
7281
3775
9037
5932
2524
808
4883
8477
1996
1891
4156
889
1509
5497
3521
831
1685
6834
3251
8444
1101
455
9148
3320
2513
7700
4872
8771
5373
7937
1623
9836
238
462
2325
3406
6732
1828
5513
7264
2083
1150
8405
7465
37
388
4778
4515
3438
3616
8528
8970
2164
5670
7354
6030
7904
4642
3330
9298
2857
969
3504
306
6441
3169
881
5645
8906
8909
8464
3413
5858
4145
398
7601
6233
3547
4867
7701
2023
2173
7272
929
9173
6865
3049
8273
884
5248
6603
7240
3165
2575
3546
1986
5740
15
2546
2401
7891
862
36
2751
4946
4401
4810
3023
8770
9125
7241
5079
7796
4920
6127
1724
5407
8581
1799
6021
5100
473
8648
7806
988
1081
1603
5628
672
7820
3656
3051
4777
9627
5313
1141
1898
1902
4536
7056
451
3628
3958
8570
5980
2761
3328
2474
2468
8250
2792
6123
6193
3679
3536
6587
7084
733
1635
5366
8664
2263
4501
3213
5827
560
2776
8202
1869
9739
6523
1561
5076
9931
7552
1388
9328
7188
1568
2425
6406
7199
3025
5931
748
84
8778
4741
7836
8465
2158
7216
4441
6689
7984
8219
2703
8599
8041
5018
9693
700
7257
1817
8315
7913
1062
7496
9303
847
4722
2775
6274
2336
6492
1707
5285
1554
3284
3210
3396
9054
8189
602
3452
9275
4462
2842
2233
7027
8929
9938
4727
8361
8727
454
2595
7401
420
9618
4754
6416
4915
726
9120
861
569
9233
438
8953
6178
7327
4870
7076
7153
564
7468
749
8716
6900
6490
3341
8919
362
5113
734
982
2845
7619
406
4155
2155
9162
3310
9703
9415
9047
8772
6172
7493
510
895
9842
34
6553
9361
6191
6714
352
6927
8417
1160
5125
4958
8374
2955
7357
239
6703
6002
4208
4055
1001
5520
6370
9048
6189
160
5702
1259
2338
6806
7975
4667
6428
2221
832
641
7049
261
1217
1036
3079
6241
3856
6577
1283
2578
6312
7989
8282
9182
2778
5144
5904
5142
6633
7220
1613
1504
3578
7846
8853
4900
3523
9396
3742
2691
5694
938
8676
9465
920
5654
3106
2686
9668
9352
5716
6999
9146
1944
1798
600
8899
3833
4632
4858
6605
9863
5764
6914
9798
2480
3690
8097
7418
5548
4894
5443
6828
5768
8755
9860
9875
9442
681
1018
8490
7896
1356
6047
2560
4882
4098
8143
6678
9833
1251
6831
9353
531
2412
1908
8422
1807
2096
3810
5846
1355
2700
8087
2373
8756
4569
8620
3528
758
1124
3685
4148
8553
1921
432
3718
5765
8064
6458
1548
327
5634
6197
4753
7255
4364
1445
1371
8185
3614
3281
524
2640
379
4446
1305
3484
919
5737
9843
9930
8086
972
1359
7469
5238
5928
7405
9458
5002
7857
6753
8204
7201
6654
2712
864
3423
9238
2416
4246
858
4172
7761
7006
8034
4137
967
7171
434
6341
3680
2795
7734
4130
4002
5609
6240
593
5084
3877
2172
4951
5128
2884
4542
9280
3508
5384
2533
5492
8433
3823
6280
3899
7144
2430
582
1329
8492
7039
5751
189
7818
6007
3476
9655
9515
6878
2646
8655
7386
470
9892
7658
6609
1917
143
2066
540
9342
6094
8223
4513
9777
8155
2391
8567
9597
452
7854
1054
31
2798
4003
850
5415
3701
1286
7296
5730
3000
300
5211
9313
8186
1553
8578
6549
8892
1154
7487
8928
7631
4318
2465
2097
4434
9362
5559
3314
6720
4916
7754
8021
9319
3382
7249
9905
5882
9666
2050
3627
8995
2680
8950
1078
4689
5561
4305
1495
3567
3506
807
7052
8882
8959
8397
2072
235
2828
3492
2318
7136
1517
472
7558
8139
3858
5888
9564
4384
8161
3972
9955
7505
6595
3662
289
6761
7812
3166
6809
3385
634
334
8459
4480
8707
4187
6822
7586
6296
2331
1739
8480
9322
4374
717
7918
1750
1941
1463
9869
8815
4661
73
3005
9754
8073
125
6506
5133
9082
2708
3610
5643
5831
4075
9256
1422
2603
9697
9448
3357
2937
1237
9705
7433
8580
1699
3048
3737
4691
7613
2272
7823
5105
6141
1219
5552
7995
1011
7703
1734
9000
530
9591
164
1523
4199
6269
8108
3629
6128
5516
1361
3784
1701
7075
4231
8561
2885
9416
728
7038
1692
7633
4959
1166
6013
6258
816
5098
4673
9876
5030
8942
1322
2904
8358
1019
8604
7208
6299
5797
659
8621
5611
7842
3791
9574
5884
9861
1744
4851
1282
312
1794
2056
8990
9357
4716
8809
6667
9541
9885
6643
2540
6544
6856
5425
3612
725
6062
8762
4988
9009
6494
6307
5658
2669
5419
98
6477
8171
9592
3290
1387
4877
3708
5348
3661
7441
4165
7495
8680
1136
6909
5945
3326
2791
7473
5428
6564
6399
8717
5227
6863
1894
9817
6659
2078
6771
4488
9526
3597
290
376
633
7637
7118
1148
4756
7450
853
1581
1385
7422
5792
1015
5719
3352
5965
8257
9736
1113
9167
7803
9138
6670
354
6976
9160
8767
4295
2968
6832
756
7793
6247
1729
8619
7193
4556
4196
4820
9831
1284
81
2182
2139
7954
5392
4617
3053
7373
9096
9520
179
5433
4628
8333
4898
2508
7723
4532
4024
5007
4821
4721
5506
6660
8272
2062
1017
4419
7330
7668
8011
3774
9960
4240
7727
7314
6122
5085
537
3040
4085
5035
3076
649
863
6132
7749
4824
788
6437
5033
93
1815
7353
2363
7459
7061
5871
4233
7265
9240
5562
3573
3758
1933
4250
9432
8100
1135
6964
7929
9187
8332
8530
823
616
2193
8985
3498
8019
8834
6162
4183
7367
320
4105
5127
5649
1073
149
4869
9723
2859
9665
2446
3768
3651
8973
6314
3289
8071
4444
6734
6509
2058
7454
9911
8949
8120
6496
4076
9180
8285
7236
9699
766
7089
4950
7486
9075
9018
6651
2076
562
4752
1864
4769
5380
8043
6798
1377
8993
1605
9864
6881
4056
1931
4866
5739
3908
7522
1738
6470
6041
7322
7429
3909
3377
7308
4212
3149
6420
7546
642
342
6705
916
5938
2126
316
9420
4396
4164
9494
3624
2344
5994
5587
2226
7646
5927
3645
6571
7762
4594
6778
5136
2475
9477
8447
9404
2451
5448
4774
9807
7750
1493
137
6886
2949
8839
2675
9944
2440
7315
8381
4042
3016
3850
6990
3914
5212
5583
6185
2249
5094
8157
62
2516
3731
2938
925
2673
2711
8582
4613
2571
5336
2867
8944
5699
8208
2774
5789
6305
1268
5565
2081
1669
1317
440
8875
6173
7223
5767
2116
9670
437
2971
6325
8007
6335
1541
407
5117
5343
4239
5220
2123
3192
4604
3204
157
4290
6071
2297
2833
2419
460
9247
7107
8488
6301
5250
651
8606
5290
7636
3241
4712
2417
5458
1158
6058
637
8478
7735
1644
9639
2118
1439
8336
4545
6538
72
5239
5191
192
9379
6722
2029
1488
2649
2382
2535
7261
2830
249
109
2316
6653
4448
150
2146
1434
9001
9678
7987
1354
1066
3461
1431
4080
3218
4073
2875
7501
7532
1295
4089
6996
1559
7910
4154
8474
6487
2864
6486
1372
3088
2184
5262
7269
4728
7974
2592
7370
2354
3632
2220
4995
5371
6951
5267
6259
9669
3949
6254
9903
8904
5868
4217
1213
927
7078
4986
5885
7774
6211
2737
5208
9616
4354
2506
8613
5738
305
2716
9217
3829
8825
9244
8693
6816
2427
310
6246
7004
5335
2210
3045
3581
5717
1657
1002
8753
1323
1766
2939
2650
6053
1788
3486
9519
1275
8695
8591
5893
3543
8466
365
7229
3078
8724
4035
1450
6521
7556
1192
3885
3159
4719
3537
2727
6988
2794
9969
1853
4780
1688
1755
632
4978
3247
1720
4039
8027
2277
9778
5320
4800
9393
2583
9369
8826
4709
2582
4243
4323
4280
4941
7325
127
2995
5488
1269
8348
336
2027
8331
8014
4410
3414
6961
1958
4019
4296
1547
3526
1584
3424
2386
9971
2644
6898
488
3766
4832
6590
4917
4787
937
9251
2808
7831
4537
774
3305
3760
3212
2558
7446
1299
5067
5533
1543
7550
7608
9662
9621
563
8056
1292
8104
3208
9065
6819
6904
7349
2870
7319
7200
3316
9109
5998
9654
2070
348
1819
3550
206
6565
4472
9281
120
3886
1566
7158
4679
1393
5221
40
4781
3245
5641
5804
7137
5894
9732
5179
2192
7304
7816
9530
3488
3705
2060
9954
1614
5485
4902
6119
9630
2933
819
9076
2307
2787
7045
7428
8044
2574
5642
7010
6775
3582
5881
1678
2282
7767
8453
9320
7291
8948
6298
3859
8099
3723
9191
656
2858
8889
9832
8112
430
4027
6244
7813
3206
8172
253
8239
4368
497
5180
1565
6427
8992
8678
4327
324
1981
9617
6319
5757
6115
6972
6598
4725
7481
7375
3715
1104
6449
7698
2255
7577
7053
1176
8116
9490
1880
2133
340
8091
652
4563
9011
6978
4222
7569
9989
4622
2934
7355
3276
3776
4072
9991
6202
955
8913
1289
5964
630
7365
2844
8914
9725
9234
274
9935
5911
6421
1461
2186
9680
9300
1117
4447
6210
2329
1424
4815
5733
1542
295
9787
1851
2250
5019
3090
4590
8063
8311
9265
4844
4526
412
4746
5192
6076
1477
8236
3786
4355
2910
2445
9505
7431
5495
9080
277
4626
3327
5943
8271
9223
7567
105
209
1677
2300
2011
3460
3215
666
5305
1497
5541
4421
8110
2471
7290
3277
1420
7247
3102
7135
4185
4557
6100
5341
7152
6709
9346
4684
7879
3846
8573
8028
8101
7411
6235
135
9795
2600
5089
8355
6939
5898
8967
8221
9027
3369
9681
8042
6106
3568
9450
6514
6985
7959
2191
4423
181
1021
8015
6616
2055
9485
2515
4524
3535
2722
5010
3563
6935
1416
9572
2439
3707
5816
1719
4425
3820
3374
1803
3315
2024
2384
2240
7536
5555
3153
5916
3710
1093
6949
303
6262
14
4102
3542
7900
6727
7478
4849
6592
1973
7203
5312
4814
3726
7310
5883
8065
3507
9756
2697
3562
2061
6352
89
866
2148
6460
6958
4648
3821
9997
1280
1829
5731
8947
8764
8156
7494
4131
6937
392
3250
2291
1820
2160
3234
3703
7181
3299
3467
2534
1775
1583
802
3643
7757
1178
494
3809
9408
2168
4481
103
765
9489
9371
9336
7485
3874
308
7334
3015
3125
7092
2243
450
8997
7986
9577
294
3104
6793
7777
6741
5697
5028
3199
8210
2729
7463
5989
1939
7955
4591
5763
1258
1764
9164
3136
5823
1290
8644
5063
3513
987
4861
9492
1599
8195
8305
4275
8261
4560
8020
1306
7850
1324
2827
2324
1453
9229
4855
2200
7911
1985
8418
6940
5114
4413
9517
2538
7722
7369
7863
8509
2685
2332
3773
5606
7826
4404
5292
5616
3863
1667
5361
5903
2643
7380
5979
3692
3144
8192
4427
3566
6285
6950
5679
6227
4237
6573
368
1191
601
1558
8263
8651
2824
4987
4197
9894
9531
8803
3052
8536
5806
3600
3447
2639
9856
9055
5809
7490
9355
6505
6155
4029
6355
6530
7396
4922
2530
8111
9603
9562
5554
795
4047
1090
1447
7218
8162
3455
1315
6925
7603
3871
7347
335
7570
7935
6511
8489
5045
783
8005
5632
5198
5629
7238
7474
1887
6199
1890
7160
4254
4028
1655
2586
6594
7629
9948
3834
9074
1532
815
9555
4680
3743
4257
475
3495
5446
3148
6011
7003
8510
7498
9144
1825
8982
5357
1256
7870
523
7561
7990
1435
4672
5536
3231
262
5072
71
3091
2653
5362
270
2456
8862
5579
5514
994
3
4909
5091
7132
9220
1943
2589
4385
9189
3545
1172
1715
215
2810
8035
8373
2987
1771
7043
6052
6288
6326
4566
4339
8529
3163
9372
4740
6261
9741
4705
7457
3653
2681
3324
4095
8012
195
6366
3097
3022
3211
3178
1358
1861
6395
4662
2925
9032
7686
3553
3625
7523
8587
9471
9306
8544
9325
5566
8674
1505
9010
6894
7055
2455
2624
1233
6412
1212
7383
5651
2090
7020
2853
1383
4862
4198
4736
3576
5273
9792
3027
9724
1014
5420
2410
4178
9426
6508
1243
1118
1611
5217
8633
5560
2645
7537
456
246
4350
5315
792
5785
223
1606
2670
6641
8421
5687
2632
5487
391
9174
3733
5065
8183
9729
6251
5707
9212
6405
8843
64
9354
6338
151
3605
9293
5369
1792
5774
3436
227
7624
6357
4544
4980
5464
6137
2342
1642
7584
2309
427
1035
4903
2696
1023
5843
2034
1041
5681
4475
4007
2743
5291
2768
4357
2962
7653
8688
161
1255
3906
311
2766
7814
3817
7773
9691
3665
6284
962
4540
1052
7002
7008
5502
6692
9439
9581
8486
8930
5986
75
559
958
6029
2570
3415
236
978
1114
8734
2849
9536
5505
3221
9486
3930
9890
4856
2840
5226
5970
4483
6276
2145
7434
1640
5766
9107
5511
8864
6716
1088
9226
3202
5528
5612
2577
6926
5204
58
5402
4913
8300
7177
1659
7044
3560
5593
1033
7472
1670
4037
7202
6543
7860
2915
8757
6462
4919
7019
5390
9008
1632
7407
5378
9750
9913
292
7512
4955
6169
2369
5995
6749
9743
2141
5330
1681
4443
5967
4525
6676
9829
1348
8312
2692
4309
5603
9127
433
3329
2935
3437
8652
3399
3954
7897
2208
8314
3257
2151
7361
1145
5741
7682
7492
7530
1555
548
1508
3780
4608
7456
4539
9550
8656
8719
1353
1839
1625
882
8493
8857
3325
9245
5909
8777
6513
7506
2756
5013
3981
9114
3410
8891
8069
1805
3279
5524
4117
3108
5522
1665
9887
7462
1576
7275
1515
7028
8266
1871
1922
664
6142
2084
9752
899
2714
9264
9155
2723
7692
8206
2848
7869
812
6698
7103
6102
7779
6447
4519
5867
9030
3668
5008
5886
688
2418
5500
5572
1442
3268
7620
7471
2481
6548
9326
2964
7858
9421
9462
484
9123
5657
4940
7404
799
3832
1028
1279
8713
1873
3458
178
3602
1225
5692
5397
6038
618
402
7066
4595
6769
1841
1333
9718
51
9145
4135
5149
1899
9746
7781
9464
4874
1955
7560
997
4347
8811
2505
7616
5243
5070
7215
4669
1735
8220
7819
7295
47
86
4621
9392
3280
8430
5328
283
6225
7131
3902
5168
3131
8697
2793
8991
4707
7068
1240
2176
5465
1620
542
7983
9500
5808
7988
4985
9939
9104
1468
9847
2591
2581
4888
9078
3686
4395
2264
4690
9071
4362
3425
4062
5388
3556
8152
4116
3530
615
3977
4458
9086
4265
2107
5356
6154
59
6916
4555
5209
2835
6934
1731
9179
8878
3599
8932
6060
6899
6969
3084
193
9131
465
7110
1071
7651
6550
446
9119
7916
3408
4602
1801
5630
8467
2054
7811
1013
6033
8388
1753
767
7280
8793
1610
3450
7284
5395
6124
7419
662
9235
322
8457
5119
3112
1988
2463
3465
1978
3577
6079
3770
3965
2509
1048
6265
5709
2088
7243
3691
5833
8647
4865
1193
5969
8432
9813
4607
2802
9712
1749
133
1617
5441
5546
1595
4238
5526
8898
9050
5255
6026
1947
9757
9081
5271
9063
5743
7928
3375
7695
8452
8401
6613
1297
2633
3555
806
3283
6017
2616
8364
7815
6309
3264
8129
3252
513
5682
6774
605
7677
4092
8552
587
3209
7997
9252
685
3598
9539
2744
4057
6239
2693
7905
6252
6773
7943
8638
3387
5478
8827
846
226
3367
4316
1414
3781
8233
2147
3803
5983
7339
1448
6977
1629
7090
2613
8838
3738
6802
9801
4310
7878
6438
1705
965
7771
5558
4083
7099
4606
2908
3021
5445
4792
8307
2627
1787
6764
3594
2223
775
9631
9701
7746
5535
9596
6398
2312
3162
508
9626
9337
2157
5126
8736
9582
7237
2156
333
5237
8060
6830
6681
2863
8559
7645
1778
5672
9100
7837
3008
8641
4186
7529
1994
8636
2476
5879
9871
3744
8325
986
2302
7400
154
6344
1703
8093
9932
6018
5874
9589
5918
590
9213
5705
2661
7011
7960
1262
6889
231
8684
2892
5855
372
1589
110
8149
9880
829
403
5363
5259
9277
857
7952
7333
4048
896
8761
3529
9296
5473
326
2125
8327
8216
9057
3445
2997
834
3666
4332
2022
8002
5623
3389
8888
4964
8969
371
2911
9854
2190
5152
9073
7731
4252
7748
1167
1877
1187
9527
8501
8689
4630
7738
6655
8954
983
4933
5155
6158
6087
721
8160
6147
6522
4391
8153
5181
5698
9387
212
9043
2514
3925
3411
2435
7207
8053
5413
9874
7205
7778
7944
8230
4144
6206
3631
6459
8617
1676
6824
8224
9270
2815
8812
4267
3835
2554
8926
5178
4315
2042
4640
4904
4547
4422
5906
1230
4470
8304
9946
8146
4552
3905
3454
1196
9060
1327
6602
9108
9042
9266
3258
7766
1368
1551
9537
6248
4429
2170
9218
4852
9734
3322
5659
5409
6669
9301
19
39
8040
912
7458
8366
9200
4549
2082
8910
7991
2103
2871
3336
9783
2314
4505
2175
2411
5577
1693
7391
2852
9764
6146
7406
1962
3746
2566
5319
7271
5218
3182
5187
4834
4847
1976
2166
3969
8848
5683
3790
2063
9742
2461
9677
1095
4358
3551
4969
7507
6391
6354
7951
4992
6465
3272
3481
6061
5406
4966
8338
2829
9373
7940
7317
4938
9770
5081
264
1924
8854
8024
5004
7704
4466
2715
9698
903
222
8841
6249
4666
1982
6121
6944
7868
1108
8384
1190
5880
7614
1881
9977
2584
6040
3659
1370
9512
580
6045
7251
9385
8092
4335
4616
79
9169
6906
5518
561
7332
1645
512
5836
8439
7398
6682
9937
2789
3745
655
4245
9433
7729
8607
7792
6415
6690
6970
3709
1199
6902
355
2981
3887
2345
1722
250
8653
963
5921
3179
9102
3342
6702
186
9255
9015
8709
1511
3444
9839
8144
1946
1473
7743
4806
7382
8378
8981
5997
2304
8547
8393
1662
4506
3951
9286
8830
6583
7106
1022
3361
3288
2167
1181
9097
1325
1069
9132
4748
3912
6758
8542
9070
282
3983
752
9305
4887
7183
3066
7593
640
8095
1884
1802
6184
4974
2631
122
2010
941
217
3591
9411
5344
761
6207
781
6930
3541
5331
9460
1415
1769
457
2732
6222
1875
6059
944
339
8549
3185
5959
4538
5742
6475
2836
4013
2323
6442
5056
3020
7589
3937
8126
3857
9430
6362
2457
3883
1000
8940
1965
7371
6766
8696
604
9068
6397
6431
7424
5334
3921
9525
5403
933
4932
4224
325
7595
4220
387
7893
9915
6810
1421
1357
5923
554
2127
5586
3689
7625
644
1661
502
9323
5213
5046
525
4609
5604
9454
6099
104
5580
5512
2356
7335
6864
801
6432
865
6456
7877
9156
7547
7242
9210
8832
413
7360
7186
6811
7968
8586
793
8766
9658
9230
7417
5304
9728
4848
8334
9117
363
9671
9168
2037
2671
2352
7225
6531
1330
4625
8964
7087
9033
259
780
5075
6711
3724
1577
7230
9269
8276
701
25
5438
1112
1143
2662
732
8229
9292
1039
3490
6348
6854
827
1727
5728
7832
6730
5219
76
417
2246
2542
3161
4686
4111
3982
3024
1418
1038
1567
2580
6195
3648
5146
5278
5953
78
385
3797
1110
9870
931
1412
4670
908
3446
7606
4097
8253
2089
6588
5410
2822
2746
8260
5769
7525
7726
9304
8243
8296
3996
4146
5107
1590
7379
729
1139
6310
3017
7167
2399
599
6377
3741
5955
822
2305
3122
9961
9568
625
7358
6867
2361
9412
9927
6393
6534
3472
9974
949
5171
1876
8491
8090
1195
9118
1263
9282
3259
5102
528
9413
6358
9130
9683
1948
2039
1868
1489
509
3056
2453
4975
1700
4751
6080
1536
2251
9714
1514
2019
2296
8600
3569
2755
5581
5301
4301
6323
574
5452
5339
1502
8551
3298
9625
7521
9072
8806
6527
943
1579
8729
9689
3383
4006
9294
397
4264
8988
778
7509
901
690
6896
1838
5436
5318
5424
8563
16
3114
1086
3544
2053
7872
2647
4827
1271
466
5275
3735
1436
4994
400
4715
3457
9121
3893
4406
2996
1380
4278
7058
6861
8173
8560
4084
6997
8461
7511
8003
2248
4749
4210
6556
7500
4329
7239
6938
447
6243
185
9329
6686
2610
1615
905
7437
8571
1170
8704
1046
4823
5746
3033
1083
9800
8115
2163
6725
6666
676
1270
4460
2834
1138
6476
9867
7706
3187
5066
2709
9659
7102
1930
8137
9979
4282
1478
3538
4859
4081
8670
6332
2800
4688
5862
3039
1070
4798
5306
8615
6545
8017
2569
597
444
1723
3047
8318
9906
4328
5170
8062
4461
3722
3348
6223
3255
2837
8473
4546
1346
5564
4645
5691
5254
4945
3219
6803
2188
1107
2543
3870
7034
1309
2114
1760
5214
4065
4928
5722
6873
4558
7288
1916
1656
7713
346
6584
6649
9012
737
1604
9031
3172
1840
7173
8722
9310
6497
4695
471
260
9858
8877
7821
5992
5082
8531
4633
2069
1751
3586
3177
9781
1427
4191
1455
4049
6719
5973
3619
5340
370
6721
679
3003
6273
879
5821
7976
2847
9091
4018
8396
8592
5776
5951
658
8831
1276
2452
6683
1855
9835
5138
8817
1895
208
7163
3401
265
3353
5110
586
2664
3418
7109
9532
5300
4884
6807
2045
21
2320
9949
3333
968
7972
1772
7432
8345
9106
4908
1745
9782
240
8965
3903
2235
1301
5360
6371
8479
5750
7747
7282
1058
7350
3198
8774
6083
7077
3961
7576
1053
5437
2883
9852
4219
2268
3657
2183
6113
4069
4090
2606
9567
6394
2269
8851
3323
377
4277
4984
6585
3869
3269
7665
5648
4464
6078
6767
5470
2239
7592
198
2337
9636
1326
4
515
5693
5047
7285
5747
3919
8686
136
3842
526
2676
2652
5899
8347
1717
8109
3862
9908
8277
493
8403
5462
6131
2914
714
2366
4530
8245
990
7541
8869
6198
5088
5036
7861
4298
6287
8174
3787
7402
9236
7787
8247
5897
2310
5887
2043
8413
2757
8671
6181
5952
973
2749
9356
5230
1174
1767
4934
6929
5773
5011
8539
3475
1164
94
9558
682
4548
8842
3376
7227
2403
2609
2710
4812
501
5283
3339
1004
2181
2927
1302
7063
8079
7798
2400
2244
5861
6759
8234
4923
7294
6839
1234
8352
581
126
9912
667
5029
8960
3139
2284
4711
7804
92
9855
5173
8070
4701
6250
6024
6912
8379
8768
9467
5450
5322
3395
4935
1077
2947
2666
317
5678
9652
489
8782
2330
852
8612
5060
6897
8294
4953
5141
6924
6135
9822
7016
1498
1784
1215
7252
4516
1949
2619
3500
2057
6439
647
7527
8178
7866
2365
7467
8935
8677
5850
3412
2095
7336
9316
4485
2541
4286
8679
2397
7050
4634
200
1726
6510
1208
5913
614
1360
4744
8814
9241
4993
8596
2495
4474
9216
3539
8134
6979
1682
4451
4644
9560
486
9188
1500
1503
4484
6065
9221
9802
9211
7605
821
8963
1961
1810
2811
1312
3788
2292
5752
242
6067
536
5260
6920
5231
4857
6672
8181
4380
7101
7321
4179
9035
2770
7744
8045
566
1092
7621
3755
3459
9556
9095
6165
5071
1132
5507
6300
2266
3592
1654
9062
1906
3029
5246
9143
9727
2
6948
8784
8165
2940
4490
4390
2907
4204
4467
9405
4588
8258
4840
2924
7416
3384
4226
4101
2281
7712
7654
7489
1537
9278
9124
9384
106
6887
9380
1888
6911
2209
6700
7873
7661
9753
8425
3825
1328
4914
4118
7196
1569
8442
3493
5466
4493
7790
5968
3878
4012
8708
2862
6005
7736
3434
8667
5924
8169
7073
8191
4937
8748
3517
3948
6461
8790
1818
7716
6729
8209
953
7098
6271
1389
5379
9893
5829
1272
2241
2573
8598
6691
2990
1587
9344
9332
2415
9181
9302
4797
9976
7894
4244
6313
8566
9936
1229
5971
3286
7967
9185
5422
948
6723
7650
4818
7206
9272
2758
1964
6190
2458
8540
555
7683
5567
613
6000
3664
2199
2185
6498
2215
9916
8046
2945
2174
631
7770
3346
2378
1411
5471
4411
3561
2694
7964
6072
3096
8952
8122
4163
8256
7390
840
5650
1423
5475
7414
3107
5123
6183
1800
8870
1308
6443
1267
1846
9790
3994
8866
6346
6213
5781
7941
6390
3851
284
7711
2204
3968
33
8283
7166
4106
8170
8779
8068
7805
1651
7640
6855
145
142
351
7123
4790
980
7129
2628
9996
3100
1094
4601
1116
3331
7880
4352
3626
3655
5358
9183
4129
9704
2214
7656
9257
414
8136
507
6006
4428
9428
8446
1496
1658
575
2026
583
4398
878
6036
4341
1186
5727
323
1180
3872
2900
6343
1789
8522
2407
28
1563
1616
3554
6433
3999
8013
8996
2286
3747
1732
3404
8460
6489
3557
3253
2740
3380
3394
932
7254
5037
4209
7920
1673
1363
2585
6034
8375
7194
130
7966
6180
777
7992
6342
7531
4375
8568
6388
8010
7545
5326
8055
6890
2450
6662
3248
4273
9578
977
930
5812
9287
5503
6821
7452
4603
2362
6369
873
8626
6960
2902
1687
7725
1285
7914
7610
6353
1405
4802
3117
3940
3012
7306
3184
7824
7843
9389
6499
4931
2556
4136
735
7127
8999
6532
2219
3611
4294
2414
3955
2617
3441
3988
8893
1843
2946
4929
8390
4269
4147
7190
4527
6237
7124
3403
3751
3620
888
5206
5491
8594
2532
4032
9493
3802
9879
5001
5427
7062
8828
4500
8265
4151
2620
803
8085
8367
3054
3920
7689
5414
1171
2500
2405
8912
6679
1759
3237
3771
3991
8503
18
8861
1904
1926
272
3426
6208
3349
1892
1594
4004
7149
8121
8088
3262
41
5754
2747
4822
5872
2966
9606
8342
9635
8476
9702
9966
3019
8502
2928
2764
2112
6790
218
5014
4363
4353
8415
9274
5796
1951
6742
148
5132
9406
2629
9391
6903
67
3304
1413
8371
9368
9289
6947
4699
1989
4033
3001
9769
7707
5257
1396
6777
6551
6408
8316
4631
9483
7175
9469
2129
3494
7760
10000
395
6328
5819
2889
3794
9400
7185
9170
7480
6547
7226
8702
6429
7046
52
3952
5261
8038
7453
8328
1525
287
9019
7217
7256
2894
5646
131
5674
2349
8847
9040
5865
5689
3081
1621
2958
2353
7611
2510
9141
9024
2036
7426
1913
1482
6201
830
5993
3596
9171
719
9190
2394
6625
5599
9139
6278
2383
390
4731
307
1622
7673
366
3195
4274
7822
9053
7883
9641
2130
4346
9821
7946
4629
2313
1417
763
1456
3669
1449
4886
5193
70
5960
2389
3193
6684
1725
7933
6580
6014
6160
5276
9806
9529
9253
5083
7917
4234
7919
6234
5585
4468
5027
3819
2501
6120
8804
794
4760
7072
8119
6772
115
3587
3623
8765
7519
4201
5493
5839
6558
7544
1742
4242
3852
844
7150
315
5481
6639
2187
5103
8976
7300
7198
4738
9089
2655
2137
2326
255
5869
482
6436
2028
6981
4596
8329
999
5595
6425
2838
6111
7655
8925
8538
1472
6242
9779
6638
7032
8150
3800
69
5690
2922
6255
5895
506
8852
2438
5920
7192
2434
7609
3175
1362
521
2138
6526
2596
3918
6283
491
9014
7732
7575
3456
9953
3894
2678
257
3243
5135
6133
8518
119
2637
5031
6238
328
4017
3727
3420
7245
9455
431
7785
3756
6507
7582
3464
7795
3092
9540
1824
2891
7105
2748
8673
4337
9079
1903
1966
4107
2254
6593
8450
6270
5825
8231
3622
6795
5758
3356
6752
9051
8808
6713
2880
7263
1236
9814
2547
9692
6048
2270
7623
1246
663
5718
9552
4692
2234
9794
3935
5805
1963
459
824
5540
8576
4152
4262
220
4956
2983
2876
1971
2988
8840
9862
280
9036
8871
4195
568
6205
1105
8505
2334
8712
6907
2781
9900
7097
2877
9545
8275
907
8726
6231
9999
6891
4376
4223
5901
2267
7376
296
6823
8200
8660
4795
6012
6097
8456
9785
8685
4064
8798
3675
1471
7234
6517
3897
934
1609
8787
7627
4724
7187
1443
1381
8409
2491
3155
9899
886
7184
4550
3730
4773
8354
8856
111
232
7970
3042
8107
3984
9587
3891
7119
992
4389
6986
7412
4320
8424
4361
6693
9522
9434
6539
5215
9290
2814
6064
8744
4655
3805
3347
3520
4174
5386
5570
9295
7985
9283
5400
9934
7741
2550
2552
4652
1231
288
8018
2142
984
4585
1671
3913
1927
9395
1983
9029
8880
9092
4653
3633
3759
3246
8934
1601
8419
7830
1419
6923
4678
2265
3769
5626
2674
3115
6286
9624
3720
8989
2772
753
1239
3806
2503
6618
1128
2368
9228
5272
8823
5962
8859
2865
6482
3439
7082
3505
9914
2786
9222
7117
5870
4762
942
4498
5640
2878
2388
6685
8802
4717
1702
7579
869
3291
2724
8524
1082
5232
9056
5961
6941
9818
5852
2479
4297
4619
9651
3552
6918
2135
2149
1400
3398
1005
3548
9735
3674
1950
9511
6569
5602
2301
4775
6631
9250
5907
1221
1713
2759
9571
1247
7455
6541
4623
8720
53
8451
241
603
1746
4194
1156
2893
6946
9590
2923
3998
1031
8365
6533
1522
9642
8158
5111
6108
9773
3818
9878
7059
6330
9810
1277
9859
3303
7128
1260
360
629
6788
786
5905
7580
3391
8339
7442
9965
6936
9614
4803
1774
7307
9816
5160
3018
7864
7969
979
7420
7961
3123
9435
2257
9902
6387
2080
3174
4010
23
6599
7331
4319
1627
4437
9551
6203
9958
516
6652
1636
4314
9866
4771
9481
4943
4830
9473
4126
4166
7845
2355
4463
7262
9172
4551
7393
9663
1406
4015
6224
1952
9424
3421
5184
6622
9419
2119
7316
712
9644
5695
4893
8938
3922
5350
8303
874
7040
426
394
4202
7116
8131
868
8845
5449
4249
8646
6318
1129
6796
8167
9598
7146
7266
9345
353
2721
4989
8190
9747
464
5607
2242
7590
2195
1091
4356
6744
5942
8915
8918
4167
2339
7460
7026
7276
5578
9085
180
7071
7817
4864
8666
1689
4213
8241
1338
7344
7534
2229
9207
7436
917
1757
4454
4412
4502
7381
7977
9254
1318
7157
112
3007
4405
5196
1250
5999
4768
1773
1060
1919
6069
7504
7250
5048
6275
4171
2502
5396
504
7839
4618
7235
3229
5856
9583
6501
5948
9623
7499
1438
61
228
6859
1146
6818
1915
7728
1822
9634
703
9021
5664
2819
191
8574
4668
842
1253
769
8061
4486
6836
2180
1321
1633
7942
2895
3928
8163
619
9023
8537
7862
3011
5617
8103
4651
8032
9648
3574
5382
1618
4248
5058
6386
8701
8895
8956
7853
423
8187
5618
8472
6049
7343
5025
9873
9993
2882
6376
4046
2402
7518
2144
5199
8569
9177
3365
3650
8628
6664
2308
2256
7162
890
5321
7670
5112
4284
8238
9284
5542
3235
2783
8050
7286
281
8979
5062
1209
2052
8635
8054
2621
5080
5504
3267
4336
1513
7211
9970
5501
4433
350
5976
4229
4479
8201
237
6884
4068
2358
5158
7921
9533
9824
9987
4225
5389
5333
4737
1319
443
4050
1460
4281
3060
1197
5584
7594
3043
4122
4324
2421
8683
5314
4344
7938
1905
1320
3173
6236
1462
2707
3929
6632
551
1403
6485
6175
7855
8386
247
6943
7320
4099
855
3565
813
7574
7430
1452
5225
1147
573
8030
3525
1531
5660
7638
3533
4529
743
6611
4583
5172
4912
8507
2398
5582
7029
1597
6516
2205
7115
4927
5669
2065
887
4860
7094
1501
9472
1535
1119
5418
4600
6710
4408
9984
8438
1152
4134
5748
4491
9359
1809
9061
4044
6657
3132
773
3388
9367
9178
1574
9237
8902
4636
5837
3379
6642
7780
6221
1572
1935
7543
6747
5463
5148
2449
2100
9276
2374
1490
5469
8124
9208
2261
1780
3128
5770
4426
297
5355
6163
9975
9983
9808
5200
6663
3971
8887
4435
7120
1598
1485
4168
4285
9650
851
6091
7978
3915
6608
3345
4635
5057
5134
2959
7287
736
661
5499
5087
2482
5163
1831
9423
1204
4891
7591
4071
2873
2008
8977
1149
6373
9922
9006
4349
4786
7563
1835
5974
7274
7005
6290
2667
2198
5244
389
4845
8742
2111
7886
1103
3335
2393
2572
9339
3841
6779
8128
304
8773
8795
9919
6844
3583
3879
894
1560
3489
207
4276
6568
6504
2931
6423
6066
9947
7444
3615
5594
380
6502
670
5638
2171
7384
278
3285
477
6457
7528
5474
1938
3698
4534
5957
2660
3207
6570
7148
163
5543
8556
8927
3764
7768
2511
8240
4656
9202
6380
4610
9446
401
6913
1932
4873
5115
8072
3451
9407
4936
409
7156
9726
2247
8326
1811
44
1099
4359
4783
410
3660
6375
7612
7634
6987
5975
5468
3057
7112
7618
1428
3292
2074
5636
6629
3966
4947
5175
9267
6619
4507
1683
2527
5912
5429
8508
8554
1222
2504
319
176
1072
2979
7740
8732
4340
6760
1806
935
8106
8900
4205
8207
643
5706
9586
1580
3105
4211
199
8431
8958
2920
9761
3515
6383
268
2303
636
6500
3524
5006
3558
5074
384
1499
993
6446
4414
8639
6365
2348
5280
1758
2687
6586
7368
1366
833
1562
5703
1882
1342
9403
578
8846
8876
2999
7993
7681
1993
9649
5140
6973
7539
7672
8922
5761
5949
611
8622
1061
8867
7848
5614
1592
5749
5203
2679
9563
6852
2385
2484
8733
768
2211
9279
7827
9707
2807
2942
3334
2213
1718
2784
7895
4292
3997
1486
5685
2179
13
8923
330
2668
5423
5878
1245
6604
8179
3256
5902
1630
9687
3910
2677
4227
7632
3985
8458
1084
7559
1228
2735
1076
8141
3133
3188
6129
6922
5929
1837
3147
5264
2529
8387
8278
8215
7671
8545
3433
7679
2654
4180
4188
911
6668
3609
4767
1126
6264
8270
8937
6750
5538
4627
5253
4061
4863
4303
7139
9195
9612
5551
8833
399
8114
6967
4241
5725
3613
5799
5451
7874
8663
1491
2788
6384
7797
1920
5068
1074
607
4016
3728
2725
7464
1102
8590
4905
6306
8710
2750
5337
8700
8051
1714
1040
7875
9791
9020
839
541
8074
6524
3601
1697
9998
9334
677
9239
9150
9694
7111
2154
838
4761
6212
266
3119
7169
8487
3861
7033
4965
4077
7693
5461
4714
5715
9638
5399
80
6452
6781
5269
2587
3975
3617
3943
8908
9350
2295
5197
698
2201
3160
4383
2115
3585
5015
132
1226
9198
500
9629
8437
1391
1999
8583
77
4963
7298
8983
6991
5375
3519
3120
173
6196
514
2539
445
9451
4999
9768
4110
5263
3593
2553
5798
6171
770
9601
8123
5417
5294
6419
8402
9857
854
1142
706
9660
6581
2519
4402
5287
3739
5439
6444
7909
4011
7756
6743
9227
4445
3959
8317
6952
3677
6260
345
8541
1972
341
6954
3868
9584
7884
318
8255
5370
6292
7573
7423
6707
7012
3121
8955
7165
5157
7025
8483
8690
356
3694
8398
2360
6879
8389
8605
9039
419
2565
2357
6350
349
2071
2648
9262
4957
9972
9767
7014
6552
3757
6396
7733
9309
6092
3516
5162
5530
4907
2497
8805
5207
6919
8320
4567
7564
6164
8298
2886
9397
405
1797
7451
3695
8081
8939
709
2048
6817
22
2370
381
8177
1163
639
8449
5575
4030
8308
6763
867
3986
622
2321
162
8376
8494
2773
957
6837
4779
6901
1458
2408
8801
4123
5242
5723
4720
6579
2861
4612
4924
2466
7260
2525
9604
2322
3477
7143
4495
1593
4112
2005
8289
760
7299
5726
1680
2477
4983
5958
5383
7273
8127
2436
9510
3532
7161
5615
3075
9868
8039
5431
7318
6074
8896
9838
6112
2568
7018
2289
4014
2588
9758
3779
6850
7885
7708
5090
3637
8242
8130
8752
3934
8249
2001
1573
6051
6535
1901
1529
5387
4981
3732
3855
7635
5844
1287
7889
9341
909
6955
1945
3422
9149
8198
6209
4457
9784
9482
627
4091
1010
9633
5129
8555
7840
8835
6226
9058
2015
7178
3795
7597
3510
5937
57
8214
9476
2470
7557
429
3761
6107
1695
2512
5620
8917
9364
5508
6253
9410
5633
7887
4586
4054
6932
2049
4682
1437
2379
9338
9959
7562
8897
4125
4533
5394
8102
5956
4889
7000
7007
6159
678
4841
7680
3126
9793
2593
7965
9796
1402
4579
5416
3067
9285
7676
2623
4036
7662
8237
8080
7957
6363
6
1545
4351
9153
6959
5589
4021
7549
9142
1440
5228
2432
4730
2726
3699
6063
5404
9263
9176
6311
1860
2890
543
8235
6673
1786
3297
2630
2343
7479
3428
6838
1248
3590
2298
396
1244
1407
139
8520
2736
107
8353
871
7669
6695
5762
6400
897
2004
5032
5519
1080
1395
7717
5347
2868
7121
4393
2866
1475
2429
114
5477
196
5405
1293
8921
7134
5926
6360
9487
2796
2454
6680
4043
7093
6953
3233
4831
4424
4372
3453
628
9776
5159
4729
1425
6869
2132
8462
9409
9898
4360
8881
5892
3911
7041
2490
9449
5121
9330
3491
3082
7443
4654
5701
6182
6540
3265
4499
2068
9684
9548
7945
7769
7829
45
7981
7604
2994
6216
7724
2040
4575
3512
251
3798
5662
4094
2197
9378
1728
3572
4763
5783
2169
3409
144
6413
8025
8416
9561
2087
9376
9083
258
9088
9709
6871
1813
4141
8268
5801
9308
2597
3087
945
273
6621
492
5876
2371
8078
7329
48
532
5293
2016
8751
8821
5908
5954
4896
3496
1575
776
5064
2720
2698
3364
9503
6738
3295
2046
1663
835
7009
1516
5286
9225
7626
6963
1826
7392
6770
3443
7548
1848
5759
5873
1433
7447
1294
7663
4291
4697
1055
3142
3111
2340
8687
6677
8297
511
3672
5941
9474
9622
8394
3157
8264
1331
1874
8775
9193
3037
418
3896
1886
7445
981
8661
4967
3478
1465
4193
1210
5042
7394
9203
3282
9600
5329
9780
6578
7647
6636
1404
8703
6075
2903
6554
9246
3431
9985
1521
3777
2590
5496
5251
4817
4512
8213
4819
1494
8310
9461
9478
1122
1557
3242
8694
2763
7926
9943
2494
3950
1850
7515
5547
2433
3843
6019
3313
8159
3990
4306
6792
8820
9990
4541
4745
155
8168
6675
3717
6812
4811
6084
2731
6813
7279
8681
1526
5177
4307
2006
3865
3716
367
8414
8404
6515
113
5990
1647
594
4184
1047
6992
7475
3767
7947
5711
5978
2230
2688
321
2659
3895
2106
3002
140
4837
6591
2754
43
738
7037
1790
3502
6217
6228
8125
4968
4700
8543
5778
276
4568
4496
544
5991
1967
654
1009
5412
5619
8632
6136
9438
6232
668
2913
5038
8525
121
8728
7324
913
3840
1591
3143
299
4742
8135
8252
175
357
9271
1911
3124
3151
2159
7554
2742
1900
3667
3892
9087
3808
1173
9441
3618
4299
2104
885
5298
9826
5987
4998
6840
4138
790
5374
7675
2985
5860
4677
4005
7786
9360
8222
5676
1140
7001
1100
2622
8521
1194
5780
5364
2559
8725
2488
3010
2222
7664
3226
3308
3176
7538
8575
9484
6895
2177
3499
7838
3789
9111
9052
6023
817
5223
2227
5675
3932
2738
7337
463
3960
9401
7696
4718
5096
2704
2335
1998
6555
3103
225
1068
4497
7060
4875
124
1646
6815
7714
263
6130
8357
5426
6303
8324
4599
951
9243
1252
7667
4140
3355
2161
660
8392
8009
2000
6143
5234
9888
4271
2951
1612
6324
6392
2906
9751
2478
2672
1347
9904
5515
4979
9370
9956
4703
8309
7051
1859
8691
4153
5210
7024
364
8829
3058
1296
7057
4365
538
6414
7309
5686
7289
4785
9559
1823
3570
4266
8532
2293
461
4650
9288
1291
8001
1942
3154
8512
4658
6466
138
1862
4828
8584
9447
9918
2965
691
3469
2956
3359
8341
2299
1960
291
9891
4370
6712
7898
7074
5252
4784
8610
6495
5919
5189
2327
8033
1185
4759
4251
9041
9730
1849
1716
6737
7278
9399
6440
85
9686
9166
7338
6851
9788
4577
6808
1870
1410
1340
6282
6293
673
1020
4403
9004
6281
3362
3473
6315
2752
1265
9105
1827
3752
9312
3071
7571
5059
9377
4473
3069
8650
6787
3811
1235
5700
5359
5020
6464
657
4333
4253
7081
2194
692
5323
5601
8516
3514
2091
4066
5810
665
9152
694
8951
620
848
6872
7789
63
2973
7378
5838
8822
6866
8445
2614
3813
6696
9417
1602
7776
3254
5053
8211
5342
6962
5936
3649
386
9585
5078
1134
7617
7189
1109
3933
796
4839
6739
7095
3647
1974
6037
7253
1392
3381
1538
8924
4868
4430
2443
6407
3917
1457
2044
914
1303
4041
5484
8469
8232
5877
6152
2991
6529
2290
8637
5935
6559
1833
5914
891
8879
8244
8047
4605
8936
229
7064
474
7013
9390
1934
8886
6860
1120
546
567
3511
7751
8408
2274
9846
4559
6263
2486
5933
7363
6215
6648
6566
338
8714
8340
6056
6893
2953
9414
9716
3636
2855
7484
1203
4816
686
4114
7277
3772
2422
3854
6982
2625
2567
5139
449
1691
5156
7892
2041
5391
5349
5310
1737
2252
5835
8094
5708
3640
2820
9952
964
1202
7585
6542
3244
4053
845
2634
9819
6989
4478
4345
1830
3898
6096
5557
9064
6478
3183
3589
3763
4270
1220
6745
2212
6971
2961
3028
2706
8754
3041
6417
1484
3712
8036
7828
5024
5483
6418
9706
6833
3236
8642
6035
3497
2605
9951
1375
1397
3678
693
825
5277
2009
711
1012
648
6322
9163
5688
4120
5490
4918
6503
2860
8313
5537
8577
3064
5591
3580
4825
7922
7435
8369
2636
7155
8372
7739
2217
545
1776
74
9363
3683
8410
2954
4776
9175
2459
6518
3266
7470
9523
7953
2881
2872
8380
9134
7881
42
5309
7065
9196
4373
8251
8412
8411
2136
1336
4921
7791
1310
8382
1278
4694
7934
9978
1619
17
6915
2196
4592
4070
2518
8484
29
2975
7688
2521
5663
5934
2003
2682
4706
2957
3145
2976
1990
798
609
7888
837
782
219
779
8631
1975
7851
2413
4176
3993
527
7833
8860
3522
4807
5003
4641
4334
1953
4431
1852
6409
9647
6218
8863
9366
1313
6688
5489
3688
6170
2561
671
1910
3034
2098
7794
5049
165
2969
7311
9508
1025
6110
5039
7587
5365
906
8659
9249
6491
8645
3180
382
256
4576
4261
7915
5569
7540
20
1804
2489
519
6086
6139
6794
6294
4103
4528
529
6471
5613
5086
5482
3321
8140
6009
7980
2472
6617
3300
375
5661
1631
1709
5154
4255
9672
8254
9963
950
588
4659
6331
1628
2278
8225
3363
8205
1182
5531
3156
6694
3197
3312
1527
2839
7497
2018
6188
167
8643
5832
3880
7956
5052
5009
8945
7267
9804
8759
6546
2493
5556
2225
205
6928
9402
4735
4514
9509
6340
3083
3366
1570
5432
159
985
550
3916
9809
5794
3287
8395
9748
8810
7140
2805
2806
5041
5205
3400
1694
4581
6472
7015
7415
123
6229
8118
4615
5822
5972
1153
7346
5817
4511
898
6956
2555
5289
4113
9673
7503
8497
3118
5097
3214
3463
7876
8434
8514
5434
1856
6600
2916
7096
6974
153
505
4960
6998
6921
8075
4772
2841
7599
3485
3116
3263
3480
8523
1928
2912
9566
9771
245
3302
9640
6144
2311
2283
4268
9760
9844
6166
3762
5229
3838
6785
9480
596
2079
3696
1201
8738
4494
8269
6665
9059
1743
4996
8849
337
918
3957
2067
3164
5354
8147
6614
5281
8184
3483
1520
4000
4313
8737
2576
1045
9895
9093
2013
8360
3639
9877
5828
1264
5549
6126
3815
5050
4982
7807
1177
2779
9605
989
1097
4369
190
3261
3059
9717
3390
3608
9299
7802
6268
6022
3904
4743
4757
6151
7100
9038
5712
6756
9260
2012
233
1866
755
3065
6804
3073
3440
2545
3978
1401
3634
4846
174
1063
3995
9721
6020
9214
2921
6054
478
2381
5815
503
1524
2105
1337
7808
4477
6117
2905
1977
8966
4173
6467
2143
6628
1281
8883
8057
1224
8182
680
4696
2977
2134
2932
3273
2317
9619
9504
4247
8884
954
9766
7408
1641
3427
740
5734
2025
9147
4449
8481
1223
129
1586
8288
9719
1274
3638
4388
3509
7788
8978
1507
188
3844
313
5
1954
3306
1984
6697
4698
9137
1175
3992
6536
293
4675
211
1929
9830
4109
5988
3402
5167
6980
213
8468
7348
2695
1528
589
499
6715
8096
6493
828
4104
7258
7565
5282
5279
6983
5793
9159
4132
2522
6704
8668
3845
6177
7047
7847
731
2879
6339
4562
243
9333
9925
3479
7642
8138
7214
9025
3146
329
1426
923
5545
9608
2030
5051
9812
4850
4879
9122
4442
2075
2684
2984
5891
7865
9129
6687
4489
4432
8267
9610
3702
3239
158
4086
8475
6085
1643
4723
3101
1133
3704
8588
2832
7030
3224
5847
1273
8197
411
54
8750
6782
2926
4522
3736
4170
624
4788
4766
216
6125
6658
8692
9161
1940
3595
49
1684
5710
1544
4572
234
7882
598
9535
8363
7924
9643
